Input
For state 0:
0 0 0 0 0 0 0 0 0 0 0 
0 0 0 0 0 0 0 0 0 0 0 
1 1 1 0 1 0 0 1 0 0 0 

For state 1:
0 0 0 0 0 0 0 0 0 0 0 
0 0 0 0 0 0 0 0 0 0 0 
0 1 1 0 1 0 0 0 0 0 0 

For state 2:
0 0 0 1 0 0 0 0 0 0 0 
0 0 0 0 0 0 0 0 0 0 0 
0 0 1 0 0 0 0 0 0 0 0 

For state 3:
0 0 0 0 0 0 0 0 0 0 0 
0 0 0 0 0 0 0 0 0 0 0 
0 1 1 1 1 0 1 1 0 0 0 

For state 4:
0 0 0 0 0 0 0 0 0 0 0 
0 0 0 0 0 1 0 0 0 0 0 
0 0 0 0 1 0 0 0 0 0 0 

For state 5:
0 0 0 0 0 0 0 0 0 0 0 
0 0 0 0 0 0 0 0 0 0 0 
0 1 1 0 1 1 1 1 0 0 0 

For state 6:
0 0 0 0 0 0 0 0 0 0 0 
0 0 0 0 0 0 0 0 0 0 0 
0 1 1 0 1 0 1 1 0 0 0 

For state 7:
0 0 0 0 0 0 0 0 1 0 0 
0 0 0 0 0 0 0 0 0 0 0 
0 0 0 0 0 0 0 1 0 0 0 

For state 8:
0 0 0 0 0 0 0 0 0 0 0 
0 0 0 0 0 0 0 0 0 1 0 
0 0 0 0 0 0 0 0 1 0 0 

For state 9:
0 0 0 0 0 0 0 0 0 0 0 
0 0 0 0 0 0 0 0 0 0 1 
0 0 0 0 0 0 0 0 0 1 0 

For state 10:
0 0 0 0 0 0 0 0 0 0 0 
0 0 0 0 0 0 0 0 0 0 0 
0 0 0 0 0 0 0 0 0 0 1 



*************************************
States for DFA:		0 1 2 4 7 , 1 2 3 4 6 7 8 , 1 2 4 5 6 7 , 1 2 4 5 6 7 9 , 1 2 4 5 6 7 10 , 
Start State for DFA:	0 1 2 4 7 
Final States for DFA:	1 2 4 5 6 7 10 , 


STATES		 a		 b
-----------------------------------------
01247		1234678		124567		
1234678		1234678		1245679		
124567		1234678		124567		
1245679		1234678		12456710		
12456710		1234678		124567		
